-0.9 0.5491852668285694
-0.805263157894737 0.9212445756653701
-0.710526315789474 1.1430694460068085
-0.615789473684211 1.247655647375767
-0.521052631578947 1.2775140515935333
-0.426315789473684 1.2664341300690845
-0.331578947368421 1.2372010141719514
-0.236842105263158 1.2041315852799341
-0.142105263157895 1.1744373971025381
-0.0473684210526316 1.1497904752826742
0.0473684210526316 1.1295841854580055
0.142105263157895 1.112864741814036
0.236842105263158 1.0988225037903732
0.331578947368421 1.0868357072689119
0.426315789473684 1.0764292143821923
0.521052631578947 1.0672265300269503
0.615789473684211 1.0589029735135949
0.710526315789474 1.0511215772020086
0.805263157894737 1.0433635817482498
0.9 1.0339365566648888
