-0.9 0.27795343170043413
-0.805263157894737 0.4158472650368133
-0.710526315789474 0.5046942511290204
-0.615789473684211 0.5667074877481828
-0.521052631578947 0.6124488923738802
-0.426315789473684 0.6475825166263804
-0.331578947368421 0.6754187899954437
-0.236842105263158 0.698022261220856
-0.142105263157895 0.7167477347963329
-0.0473684210526316 0.7325217463383981
0.0473684210526316 0.7460002841567043
0.142105263157895 0.7576621317068697
0.236842105263158 0.767866942398159
0.331578947368421 0.7768934376805265
0.426315789473684 0.7849668061477438
0.521052631578947 0.7922822467960994
0.615789473684211 0.7990341371200456
0.710526315789474 0.805476651517665
0.805263157894737 0.8121337091881541
0.9 0.8211385135204757
