-0.9 0.0755707751069093
-0.805263157894737 0.0480572645417418
-0.710526315789474 0.0319001852764166
-0.615789473684211 0.0216328951357058
-0.521052631578947 0.0147446425049924
-0.426315789473684 0.00993733254527205
-0.331578947368421 0.00648097800332193
-0.236842105263158 0.00393838727729945
-0.142105263157895 0.00203459504374905
-0.0473684210526316 0.000589807140509696
0.0473684210526316 0.000517252488437161
0.142105263157895 0.00137038465441131
0.236842105263158 0.00202843965600969
0.331578947368421 0.00253289056013245
0.426315789473684 0.00291223469836833
0.521052631578947 0.00318386333694068
0.615789473684211 0.00335269749920228
0.710526315789474 0.00340225183957901
0.805263157894737 0.00325630401821895
0.9 0.00253971888969736
