-0.9 0.0143615239274476
-0.805263157894737 0.0102053472264723
-0.710526315789474 0.00733115002702886
-0.615789473684211 0.00527537661733904
-0.521052631578947 0.00376575727793591
-0.426315789473684 0.00263373422379567
-0.331578947368421 0.00177047276155978
-0.236842105263158 0.00110324675529307
-0.142105263157895 0.000582063991936684
-0.0473684210526316 0.000171752346554938
0.0473684210526316 0.000152891387630715
0.142105263157895 0.000410154139607198
0.236842105263158 0.000613349083280024
0.331578947368421 0.000772019641494633
0.426315789473684 0.000892569508075488
0.521052631578947 0.000978274219673123
0.615789473684211 0.001028217517894
0.710526315789474 0.00103333066629034
0.805263157894737 0.000961151180404355
0.9 0.000669122277260243
