-0.9 0.00116491644039707
-0.805263157894737 0.00175868108250595
-0.710526315789474 0.00210792138084163
-0.615789473684211 0.002311148512728
-0.521052631578947 0.0024237395501252
-0.426315789473684 0.00247848736388749
-0.331578947368421 0.0024956148250105
-0.236842105263158 0.00248800081049947
-0.142105263157895 0.00246406116224505
-0.0473684210526316 0.0024294098506794
0.0473684210526316 0.00238785336798425
0.142105263157895 0.00234200514717154
0.236842105263158 0.00229367562120236
0.331578947368421 0.00224412567690008
0.426315789473684 0.0021942346466876
0.521052631578947 0.00214461345203811
0.615789473684211 0.00209568146202914
0.710526315789474 0.00204771764969261
0.805263157894737 0.00200088718606339
0.9 0.00195519418843382
