-0.9 0.00602845762211057
-0.805263157894737 0.00819952544126323
-0.710526315789474 0.00909787421567299
-0.615789473684211 0.00940735195193345
-0.521052631578947 0.00942220915840307
-0.426315789473684 0.00928409976441917
-0.331578947368421 0.00906649411282682
-0.236842105263158 0.00880947099272533
-0.142105263157895 0.00853562548417437
-0.0473684210526316 0.00825792827689825
0.0473684210526316 0.00798384785501167
0.142105263157895 0.00771761709974414
0.236842105263158 0.00746152764165483
0.331578947368421 0.00721669195890541
0.426315789473684 0.00698350346224362
0.521052631578947 0.00676192038411392
0.615789473684211 0.00655164563391445
0.710526315789474 0.00635224909176171
0.805263157894737 0.00616328333198245
0.9 0.00598463250502035
