-0.9 0.6317887898655209
-0.805263157894737 0.5023007651775337
-0.710526315789474 0.4165218453789627
-0.615789473684211 0.35549614360622245
-0.521052631578947 0.3098344559588814
-0.426315789473684 0.27435425289922605
-0.331578947368421 0.24595930066664506
-0.236842105263158 0.2226834383981733
-0.142105263157895 0.20321498502942764
-0.0473684210526316 0.18664115894417121
0.0473684210526316 0.1723013921479484
0.142105263157895 0.1596975691700855
0.236842105263158 0.14843451722122702
0.331578947368421 0.13817496585706746
0.426315789473684 0.12859627211752264
0.521052631578947 0.11933134827367937
0.615789473684211 0.10985286472464527
0.710526315789474 0.09916565238045859
0.805263157894737 0.08469289878297595
0.9 0.055739143579818955
