-0.9 0.8750546710582269
-0.805263157894737 0.7336774097590982
-0.710526315789474 0.6026237264436255
-0.615789473684211 0.4936724555125293
-0.521052631578947 0.4075200714675362
-0.426315789473684 0.3407584785312081
-0.331578947368421 0.28925070785586715
-0.236842105263158 0.24930617709883238
-0.142105263157895 0.2179527940163448
-0.0473684210526316 0.19292568343748287
0.0473684210526316 0.17256169051892026
0.142105263157895 0.15565863237757918
0.236842105263158 0.14134077226600586
0.331578947368421 0.1289496594473287
0.426315789473684 0.11795755267492156
0.521052631578947 0.10788743981457409
0.615789473684211 0.09820561013903453
0.710526315789474 0.08808713567867607
0.805263157894737 0.07561549801155482
0.9 0.05311280599663834
