-0.9 0.00419104895834697
-0.805263157894737 0.00422915149472069
-0.710526315789474 0.00417663045720479
-0.615789473684211 0.00407820359302357
-0.521052631578947 0.00395745601029773
-0.426315789473684 0.00382729196705204
-0.331578947368421 0.00369491471362136
-0.236842105263158 0.0035643573976393
-0.142105263157895 0.00343783599531741
-0.0473684210526316 0.00331650201898184
0.0473684210526316 0.00320087460916122
0.142105263157895 0.00309109436668749
0.236842105263158 0.00298707431529593
0.331578947368421 0.00288858879230604
0.426315789473684 0.00279532157220239
0.521052631578947 0.0027068806106797
0.615789473684211 0.00262276837080152
0.710526315789474 0.00254224333608471
0.805263157894737 0.0024637410852747
0.9 0.002381077194944
