-0.9 0.0227315269878475
-0.805263157894737 0.0203172042209916
-0.710526315789474 0.0176008776210976
-0.615789473684211 0.0148394763550023
-0.521052631578947 0.012154094567312
-0.426315789473684 0.00959975723344473
-0.331578947368421 0.00719823465411193
-0.236842105263158 0.00495432782621395
-0.142105263157895 0.00286427692255271
-0.0473684210526316 0.000920227604278396
0.0473684210526316 0.000887348533431658
0.142105263157895 0.00256831798842451
0.236842105263158 0.0041321189623697
0.331578947368421 0.00558726131543419
0.426315789473684 0.00694086611826336
0.521052631578947 0.00819796502616822
0.615789473684211 0.00935995179070939
0.710526315789474 0.0104202477519723
0.805263157894737 0.0113486631608547
0.9 0.012004531004357
