-0.9 0.0863612041697001
-0.805263157894737 0.0655019002936472
-0.710526315789474 0.0529354950304978
-0.615789473684211 0.0438203405803684
-0.521052631578947 0.0361813896721575
-0.426315789473684 0.0291623926368774
-0.331578947368421 0.0224060921107629
-0.236842105263158 0.01579739147714
-0.142105263157895 0.0093350262057043
-0.0473684210526316 0.00305717274134121
0.0473684210526316 0.00299749316827913
0.142105263157895 0.00880378192638353
0.236842105263158 0.0143514120058162
0.331578947368421 0.0196424757613807
0.426315789473684 0.0246888362154659
0.521052631578947 0.0295109731254424
0.615789473684211 0.0341395720107609
0.710526315789474 0.0386237083697412
0.805263157894737 0.0430639763520615
0.9 0.0478174489568129
