-0.9 0.0109770927703936
-0.805263157894737 0.00890048707786541
-0.710526315789474 0.00795916140305862
-0.615789473684211 0.00754002273922314
-0.521052631578947 0.00737542506608838
-0.426315789473684 0.00733089826307249
-0.331578947368421 0.00732823042413601
-0.236842105263158 0.00731603680230456
-0.142105263157895 0.00726784203673407
-0.0473684210526316 0.00718211574579973
0.0473684210526316 0.00706795293152454
0.142105263157895 0.00693491024539421
0.236842105263158 0.00679047581926689
0.331578947368421 0.00664009464414828
0.426315789473684 0.00648765693919943
0.521052631578947 0.00633597478498137
0.615789473684211 0.00618720109187637
0.710526315789474 0.00604330576932007
0.805263157894737 0.00590712905817099
0.9 0.00578820089728198
